2
481
407
648
869
720
297
197
888
917
795
763
390
853
196
895
433
127
374
589
326
913
1
129
935
483
19
953
401
665
567
37
67
577
383
87
441
162
87
810
713
749
647
460
922
151
803
457
969
93
120
543
133
967
194
422
123
84
822
120
167
168
703
4
461
477
592
565
148
268
461
119
276
886
681
34
553
7
653
754
152
312
705
123
265
515
970
210
826
763
49
714
147
759
816
951
874
172
434
815
917
27
171
944
695
184
751
47
864
108
126
535
441
857
536
713
576
502
584
55
163
938
928
322
633
720
65
899
348
737
286
672
553
612
211
664
399
306
308
919
202
93
500
814
430
935
762
484
364
850
105
514
324
951
150
82
503
166
510
204
398
67
12
227
653
911
606
150
288
148
312
266
723
500
603
230
699
349
595
29
615
149
213
30
547
780
199
639
380
313
73
160
133
742
174
771
589
170
270
611
495
411
636
721
406
723
48
618
304
265
808
338
371
478
928
80
125
718
438
900
929
482
492
601
693
150
245
300
748
901
930
707
565
607
194
386
299
816
364
862
392
691
601
641
147
954
113
332
953
684
134
534
355
905
104
211
681
594
628
704
215
10
823
792
537
115
426
136
18
355
152
523
223
400
819
143
662
280
338
233
208
256
423
781
496
312
476
729
33
430
701
458
572
799
371
738
734
156
386
396
302
660
767
109
3
289
187
231
612
887
670
369
120
513
549
834
417
574
153
184
696
126
38
732
386
747
435
187
439
269
299
388
808
356
892
418
74
958
725
154
29
822
188
667
683
230
80
43
682
237
302
856
616
707
563
489
718
922
52
670
180
887
680
491
689
152
892
519
222
419
822
422
526
143
705
583
663
31
945
28
397
783
937
683
703
338
414
388
394
395
813
934
408
104
471
517
864
949
588
594
381
503
179
187
691
864
845
624
618
744
75
560
532
139
882
124
899
619
263
611
48
470
191
111
250
446
471
96
183
799
182
482
20
364
747
723
457
198
843
273
797
737
584
589
478
470
537
717
320
895
562
155
804
893
831
927
880
724
484
472
551
289
705
26
596
331
440
279
854
147
161
923
634
62
886
255
692
395
34
847
359
873
230
309
681
391
138
848
106
825
325
766
335
783
391
433
652
129
653
602
904
519
313
904
419
604
189
255
218
863
180
586
384
767
185
278
488
333
916
523
929
7
615
865
897
728
718
187
797
351
29
205
893
471
1
767
323
947
745
180
757
682
911
137
860
716
60
3
259
745
715
606
855
126
895
430
427
924
660
843
933
345
84
760
761
43
875
11
417
204
911
166
895
291
804
530
498
98
666
259
403
819
774
133
854
730
147
155
357
5
448
430
7
878
14
511
791
283
957
265
829
56
10
858
563
316
952
414
60
209
217
327
382
498
632
824
143
643
25
888
755
241
948
661
93
272
71
357
840
115
726
269
668
226
425
847
17
497
815
265
814
784
425
796
645
154
314
946
118
501
526
825
569
273
346
725
869
809
81
80
304
771
878
406
782
943
928
834
895
560
19
115
902
113
539
392
244
423
795
359
118
900
26
346
193
502
865
944
227
813
430
33
330
829
495
57
443
469
45
614
194
872
693
223
237
371
783
584
682
309
319
403
932
598
688
82
508
553
376
844
752
854
950
814
834
319
535
342
672
437
455
450
677
509
939
759
518
439
128
19
934
298
628
330
149
678
163
409
653
745
335
236
484
519
581
124
353
326
320
73
695
130
351
283
415
972
368
948
346
490
660
417
917
384
630
115
67
700
558
175
88
836
349
265
342
361
182
917
183
13
19
407
798
277
248
196
545
14
533
555
465
332
141
844
964
771
711
158
870
282
28
575
727
807
595
517
586
925
83
922
25
134
617
126
397
493
955
323
107
41
740
140
808
772
710
314
476
658
857
361
355
705
899
854
828
761
116
668
383
143
841
805
478
84
315
604
242
651
842
712
118
922
875
832
541
851
331
119
726
951
183
14
890
33
939
675
718
180
237
179
354
656
858
733
15
452
810
317
210
543
833
900
649
119
422
463
878
687
706
964
783
620
372
102
911
515
305
105
697
203
137
23
234
897
291
803
776
652
867
314
586
490
941
305
242
784
342
320
420
698
527
668
326
154
343
392
204
144
346
128
912
460
514
932
227
338
230
566
933
645
939
126
225
423
281
239
442
549
606
524
234
131
294
916
52
856
282
704
758
876
225
792
313
656
837
286
325
967
178
906
407
784
58
85
267
249
1
635
836
905
776
88
713
603
582
14
950
398
103
36
